5069
55
60
500
142

259
379
861
1079
366
757
436
1715
9715
487
1384
656
20561
366
1262
574
343
2178
269
320
365
217
1609
150
248
295
206
407
477
3127
8424
39253
226
327
329
538
230
254
220
438
682
313
995
1103
3325
730
446
727
614
508
650
339
8354
182
1995
7284
2962
826
169
616
5985
364
390
897
5583
1279
723
230
336
3142
708
1792
740
229
503
1190
288
2166
4650
120
142
563
253
250
392
326
467
1043
765
4185
659
578
383
156
1717
797
324
990
185
431
369
1031
1232
418
379
1670
306
515
355
613
150
263
238
290
116
268
1293
700
568
6621
1291
417
442
603
115
718
468
1298
236
533
360
689
385
146
302
823
488
1082
6553
618
4926
2556

0 184 136 92 61 212 130 113 182 19 205 171 173 141 300 178 88 162 97 123 174 154 144 137 92 84 103 98 252 108 106 163 193 126 259 175 210 27 124 77 214 147 147 116 201 272 207 70 187 161 139 224 159 280 188 174 99 240 204 224 223 118 140 80 165 193 169 90 260 41 186 206 205 309 259 171 56 84 50 218 254 109 88 72 250 172 211 52 175 37 53 204 71 126 110 183 158 96 59 104 222 125 179 220 156 106 208 205 69 231 251 255 164 84 276 124 151 112 152 207 187 119 102 97 268 260 296 174 84 138 73 187 132 199 192 72 211 154 144 64 83 124
184 0 58 267 237 48 226 220 18 204 42 268 194 247 158 169 91 184 181 212 37 67 41 88 199 119 69 168 112 99 78 184 87 58 236 159 31 176 109 252 51 79 99 188 222 356 229 188 119 161 163 61 181 141 209 281 141 216 332 245 245 99 124 256 254 214 80 128 121 148 208 228 77 330 120 279 232 101 132 65 337 122 216 247 87 153 196 144 107 213 174 64 102 77 285 126 25 271 234 55 180 269 88 89 133 212 44 73 244 339 88 92 77 260 352 109 327 156 258 73 208 294 198 273 360 129 157 196 260 96 89 24 253 91 102 204 68 113 126 240 188 144
136 58 0 197 146 97 143 272 67 156 90 272 247 300 206 222 43 236 96 136 42 119 93 141 252 62 21 117 161 151 130 237 136 110 284 212 34 114 58 182 99 28 152 137 275 373 282 128 83 104 112 111 233 189 262 333 194 265 385 298 297 76 177 181 266 267 133 46 170 201 261 280 35 383 168 271 157 153 185 42 355 72 125 173 137 206 248 84 72 140 114 112 54 130 210 176 77 197 164 40 233 230 52 137 97 265 52 122 174 332 138 142 130 185 405 162 252 105 311 122 261 220 115 198 413 178 205 248 190 46 41 39 170 38 67 113 116 77 78 165 93 93
91 266 197 0 82 294 151 106 264 29 288 59 256 94 383 260 181 245 118 144 226 236 226 220 56 189 196 119 334 190 188 246 275 209 342 257 253 109 145 14 297 168 230 137 283 151 290 91 208 182 160 306 242 363 271 82 182 323 143 306 306 202 222 96 55 275 252 194 343 124 269 289 226 181 342 63 72 167 133 239 133 130 109 56 332 254 293 156 196 57 112 286 165 209 125 266 241 87 33 208 305 33 200 302 177 89 249 287 47 123 334 338 223 100 155 207 65 133 84 289 269 78 123 113 147 343 379 257 33 159 188 269 148 220 213 93 294 175 165 80 104 145
61 237 147 82 0 256 52 165 226 81 255 157 225 190 353 230 131 214 68 47 175 221 211 204 145 138 146 69 325 160 173 215 245 193 312 227 202 79 95 67 264 118 199 86 253 258 260 41 157 131 109 271 211 354 240 179 151 292 253 276 276 151 192 32 151 245 222 143 334 94 239 259 176 288 333 156 17 137 103 188 240 79 20 58 297 224 263 105 145 25 61 256 114 193 95 236 225 82 49 157 275 115 149 272 126 158 198 257 59 217 299 302 173 70 262 177 137 82 180 259 239 105 72 83 254 313 370 226 75 108 138 187 62 170 163 42 281 124 114 50 53 94
212 47 96 295 256 0 245 247 30 231 59 296 222 275 176 197 129 211 199 231 95 94 68 116 226 146 107 187 130 126 105 212 105 85 253 187 69 204 162 280 68 116 127 207 250 383 256 216 137 180 181 36 208 158 237 308 169 234 359 273 272 126 152 283 282 242 107 155 91 176 235 255 95 358 137 306 259 128 160 83 365 160 234 275 62 181 245 172 126 249 202 82 140 105 313 145 52 299 261 113 208 296 106 107 151 240 63 91 272 366 34 67 104 287 379 137 354 175 286 91 235 322 216 300 388 147 116 223 287 134 127 80 272 110 121 222 85 131 144 267 206 163
130 226 143 151 52 245 0 221 215 149 243 176 294 210 360 268 123 283 44 12 175 221 211 205 213 138 146 57 314 198 174 284 277 193 284 259 191 119 117 136 252 115 231 37 322 278 328 98 145 120 98 260 280 342 309 199 220 332 273 344 344 151 224 42 171 313 253 144 323 162 307 327 164 307 321 176 111 185 171 177 260 76 36 75 286 252 295 106 134 93 84 266 114 194 105 267 225 101 118 157 280 168 138 290 115 226 187 275 85 236 287 291 173 76 281 208 157 71 199 275 307 124 29 92 274 331 358 295 143 105 138 187 32 158 151 66 269 113 103 59 50 83
113 219 199 106 165 247 221 0 217 75 240 73 108 30 279 169 190 133 201 227 209 189 179 173 24 139 181 203 287 143 141 94 228 161 194 210 245 105 228 121 249 251 182 220 131 138 142 174 291 265 243 259 99 294 123 63 134 175 93 159 158 153 175 177 59 128 204 153 296 71 121 141 275 116 294 83 160 120 85 263 120 213 192 157 285 188 210 129 279 141 157 239 149 162 172 219 193 137 140 167 157 73 283 255 260 13 243 240 167 143 287 290 199 160 142 160 86 216 41 242 121 128 206 159 134 284 331 109 134 207 171 222 194 290 297 176 246 258 248 161 187 228
181 17 65 264 227 31 216 216 0 201 28 265 191 244 145 166 98 180 170 202 64 63 37 85 195 115 76 158 99 95 74 181 74 54 222 156 38 173 133 249 38 85 96 178 219 352 226 185 108 151 153 44 177 128 206 277 138 203 328 242 241 95 121 252 251 211 77 125 108 145 205 224 66 327 106 275 228 97 129 55 334 129 206 244 70 150 214 141 97 209 171 51 109 74 282 114 21 268 231 82 177 265 77 76 122 209 34 60 241 336 71 75 73 256 349 106 323 146 255 60 205 291 188 269 357 116 143 192 256 103 96 49 243 81 92 193 54 102 115 236 177 134
19 203 156 29 81 231 150 75 201 0 224 89 192 102 320 197 107 181 117 142 193 173 163 157 54 104 122 118 271 127 125 182 212 146 279 194 229 46 144 30 234 167 166 135 220 181 227 90 206 180 158 243 179 300 207 136 119 260 165 243 243 137 159 100 85 212 189 110 280 61 206 226 225 189 278 93 76 104 70 238 163 128 108 91 269 191 230 72 194 57 72 223 91 146 129 203 178 115 78 123 242 63 198 239 175 67 227 224 88 153 271 274 183 104 185 144 95 131 113 226 206 138 121 117 177 280 316 194 47 157 93 206 152 219 212 91 231 174 164 84 103 143
206 41 90 288 254 59 243 241 29 225 0 290 216 269 120 212 123 205 197 229 89 88 62 110 220 140 100 185 74 120 99 206 49 79 197 134 63 198 160 274 12 110 91 205 244 377 250 210 135 177 179 70 202 102 226 302 162 178 353 205 238 120 146 277 276 236 72 149 83 169 229 249 93 352 81 300 253 122 154 81 359 154 232 269 113 137 189 165 123 234 196 26 133 99 306 89 46 293 255 107 225 290 104 51 149 234 61 35 265 360 97 101 98 281 373 115 348 173 280 35 234 316 214 294 382 91 118 217 281 128 121 74 270 108 119 220 29 129 142 261 204 161
170 268 271 59 156 296 175 73 266 89 289 0 186 68 357 247 255 212 192 177 258 238 228 221 73 262 270 193 336 192 190 172 277 210 272 259 327 187 219 74 298 242 231 210 209 112 221 165 281 255 233 308 178 372 201 42 183 253 103 237 236 201 224 130 15 206 253 268 344 120 200 219 300 141 343 19 134 168 134 313 94 203 157 111 334 266 288 230 270 131 186 288 238 210 126 267 242 90 93 282 235 26 273 304 251 56 323 289 120 80 335 339 248 114 115 208 39 206 51 290 200 82 196 113 108 362 380 187 88 232 262 271 148 294 287 166 295 249 239 115 178 218
174 195 248 216 226 223 294 120 193 193 216 182 0 126 173 63 209 28 261 286 185 165 155 149 188 162 200 262 203 100 120 18 195 137 88 138 221 166 245 242 225 243 149 279 32 234 36 235 293 336 303 235 22 188 17 159 81 69 184 53 51 142 141 245 168 21 171 172 266 137 16 34 251 182 208 192 221 120 118 239 216 248 253 237 296 82 104 188 281 202 218 205 208 138 274 160 169 261 223 185 51 183 262 195 307 162 219 212 233 265 263 266 175 249 204 126 195 275 150 212 16 238 266 262 212 178 302 13 249 225 190 198 297 266 277 237 219 287 300 229 245 287
141 247 227 95 190 275 210 29 244 102 268 61 129 0 300 190 218 155 226 211 236 217 207 200 52 166 209 228 314 170 169 115 256 189 216 238 272 132 253 109 277 277 210 245 153 110 164 200 316 290 268 287 121 316 144 35 162 196 62 180 180 180 203 165 47 149 232 181 323 99 143 163 303 86 335 67 168 147 113 291 92 238 192 145 313 209 231 156 304 165 220 267 176 189 160 246 221 125 128 194 179 61 308 283 285 41 271 267 155 140 314 318 227 148 113 187 74 241 37 269 143 116 231 148 106 306 359 130 122 267 199 249 183 328 322 201 274 283 273 149 212 253
300 158 206 385 352 175 359 289 145 319 120 352 173 295 0 141 239 162 314 346 206 205 179 161 314 251 217 301 72 205 208 187 108 196 126 124 179 291 277 367 129 227 166 322 204 404 204 320 252 294 296 156 190 18 155 329 251 107 353 134 167 231 197 371 338 189 130 260 103 263 176 184 210 351 38 361 347 215 288 198 386 270 349 362 133 146 118 276 240 328 306 119 297 216 400 145 163 386 349 224 154 352 221 119 266 331 178 94 359 434 174 165 215 375 373 175 365 289 320 89 163 407 331 388 382 45 139 181 375 244 238 190 423 225 236 337 100 246 259 355 321 278
177 169 222 275 230 197 268 179 167 197 213 241 62 185 141 0 183 31 235 261 159 139 129 123 192 137 174 236 171 74 94 77 110 112 16 49 195 169 220 245 134 217 64 253 94 293 93 206 267 310 277 209 80 156 45 218 85 34 243 46 69 116 48 249 227 78 86 146 234 141 65 92 225 241 176 251 224 94 122 214 275 222 246 240 264 19 72 162 256 205 192 121 183 112 278 71 144 264 227 160 11 241 236 163 281 221 193 180 237 324 237 240 149 253 263 75 254 250 209 180 52 296 240 265 271 146 269 70 252 200 164 172 300 240 251 234 186 261 274 233 219 261
92 91 43 177 126 130 123 191 100 111 123 251 209 218 239 184 0 198 76 115 63 80 126 120 170 53 20 97 194 113 89 199 169 109 200 174 66 66 38 162 132 35 146 117 237 353 243 69 100 84 92 144 195 222 224 274 156 248 348 260 259 66 139 161 246 229 168 37 202 119 222 242 55 345 201 251 137 101 103 71 335 52 105 152 170 168 210 37 89 119 55 145 16 109 190 183 110 176 144 45 195 210 93 170 74 183 85 155 154 311 171 175 71 165 356 124 232 85 275 155 223 199 95 178 349 211 238 210 169 18 19 75 150 65 106 92 149 68 58 145 72 73
163 175 228 245 215 203 274 144 173 182 196 207 27 150 162 31 189 0 241 267 165 145 135 129 177 143 180 242 192 80 100 42 175 118 48 128 201 154 226 231 206 223 129 259 59 259 58 224 273 316 283 215 31 178 23 184 70 58 208 42 74 122 122 234 192 43 151 152 255 126 15 57 231 206 197 216 210 100 107 220 240 228 242 226 285 50 93 168 262 191 198 186 189 118 263 149 150 250 212 166 25 207 242 184 287 190 199 201 222 289 243 246 155 238 228 106 219 256 174 201 16 273 246 251 236 168 291 21 238 206 170 178 286 246 257 226 208 267 280 218 225 268
97 180 96 118 67 200 44 202 169 117 198 193 261 226 314 236 76 250 0 31 143 188 178 172 181 106 95 12 268 165 141 251 243 161 252 226 146 86 71 103 207 67 198 20 289 294 296 65 100 74 52 214 247 297 276 215 188 300 289 312 311 119 191 102 187 281 221 111 277 130 275 294 119 324 276 192 78 153 139 132 276 29 46 94 240 220 262 73 88 61 52 220 82 161 131 235 185 118 85 125 247 151 92 245 69 194 141 229 95 253 242 245 140 106 298 176 173 25 216 229 275 141 16 119 290 286 313 262 111 58 105 155 71 113 106 34 224 67 58 86 18 37
117 213 131 138 39 232 22 221 202 137 230 213 281 246 347 255 110 270 31 0 163 208 198 192 200 125 133 45 301 185 161 271 264 181 271 246 178 106 104 123 240 102 218 24 309 314 315 85 133 107 85 247 267 330 296 235 207 320 309 332 331 138 211 40 207 301 240 131 310 150 294 314 152 344 308 212 98 172 158 164 296 63 23 114 273 240 282 93 121 81 72 253 102 181 151 255 213 138 105 145 267 171 125 278 102 214 174 262 115 272 275 278 160 70 317 196 193 58 236 262 294 161 16 139 310 318 346 282 131 92 125 175 49 145 139 54 256 100 90 57 38 70
174 37 41 225 175 96 175 209 66 194 89 258 184 237 206 159 63 173 142 168 0 17 30 78 189 48 39 143 160 88 67 174 88 47 175 149 94 99 99 211 98 97 89 161 212 345 219 113 166 145 153 108 170 188 199 270 131 223 322 235 234 61 114 209 244 204 70 32 169 138 198 217 124 320 167 269 185 90 122 113 327 113 153 201 134 143 185 69 155 168 99 99 67 67 239 116 43 225 192 17 170 259 135 115 180 202 92 99 202 329 136 139 20 213 342 99 280 157 248 121 198 248 147 226 350 155 204 185 218 79 44 19 202 139 150 141 115 160 119 193 127 135
142 68 121 224 207 96 207 177 66 161 89 226 152 205 205 126 80 141 175 200 17 0 28 46 156 76 57 176 160 56 35 142 82 15 142 117 94 133 117 209 98 141 89 193 180 313 186 146 166 208 210 108 138 188 167 238 98 190 289 202 202 56 82 213 211 171 64 85 169 105 165 185 124 287 167 236 189 58 90 112 295 162 185 205 134 110 153 101 154 170 132 93 122 35 242 125 42 229 191 35 138 226 135 109 180 169 92 94 201 296 135 139 29 217 309 66 284 189 215 121 165 252 179 230 317 150 204 153 217 97 61 34 235 139 150 173 115 160 173 197 159 192
145 41 94 227 210 69 210 180 39 164 62 229 155 208 178 129 126 144 178 203 31 27 0 49 159 79 105 179 133 59 38 145 56 18 145 100 67 137 164 213 71 114 57 196 183 316 189 149 139 181 183 81 141 161 170 241 101 174 292 206 205 59 85 216 215 175 38 88 142 108 168 188 97 291 140 239 192 61 93 85 298 165 189 208 107 114 136 104 127 173 135 67 125 38 245 84 15 232 194 49 141 229 108 83 153 173 65 68 204 299 108 112 37 220 312 70 287 176 219 70 168 255 182 233 321 124 177 156 220 142 107 44 238 112 123 176 88 133 146 200 162 165
138 88 141 221 203 116 204 173 86 158 109 222 148 201 161 123 119 137 171 196 78 58 48 0 152 72 152 172 116 52 31 138 57 31 98 67 114 130 155 206 81 162 24 189 176 309 183 142 186 229 212 128 134 144 163 234 95 140 285 199 198 52 78 209 208 168 33 81 125 102 162 181 144 284 123 232 185 54 86 133 291 158 182 201 155 70 103 98 175 166 128 68 118 12 239 76 63 225 188 95 134 222 156 84 200 166 112 69 198 293 156 159 68 213 306 48 280 185 212 71 162 248 175 226 314 124 160 149 213 135 100 91 231 159 170 170 75 180 193 193 155 197
92 198 178 56 145 226 213 25 196 54 219 74 187 53 315 192 170 176 181 206 188 168 158 152 0 118 160 182 266 122 120 177 207 141 274 189 224 84 208 70 229 231 161 199 215 161 222 154 270 244 222 238 174 294 202 86 114 254 115 238 238 132 154 164 60 207 184 132 275 50 201 221 254 139 273 84 139 99 65 243 143 192 171 155 264 186 225 108 258 120 136 218 128 141 173 198 173 138 142 146 237 74 262 234 239 17 222 219 152 144 266 269 178 168 164 139 87 195 64 221 201 129 185 160 157 275 310 189 89 186 151 201 195 269 276 155 225 237 227 148 166 207
85 120 62 188 138 148 138 139 117 104 141 263 162 166 253 137 53 151 105 131 47 89 80 73 118 0 44 106 211 66 42 152 145 62 153 127 85 62 90 173 150 87 99 124 190 275 197 76 152 136 147 160 148 240 177 200 109 201 229 213 212 20 92 172 173 182 122 16 220 67 176 196 176 298 219 263 148 54 51 164 256 92 116 164 186 121 163 32 140 131 62 156 53 62 201 136 94 188 155 30 148 222 144 172 126 131 144 157 165 323 187 191 41 176 278 77 243 120 177 159 176 211 110 189 270 213 256 163 181 70 34 59 165 117 158 104 167 120 110 156 90 132
107 69 21 196 146 108 142 182 78 127 101 271 200 209 217 175 20 189 95 134 40 57 104 152 161 44 0 116 172 104 80 190 147 121 191 165 44 96 57 182 110 29 163 136 228 317 235 84 104 103 111 122 186 200 215 242 147 276 272 251 250 58 130 180 265 220 144 28 180 110 214 233 55 336 179 271 156 92 94 74 299 71 124 172 148 159 201 66 92 139 70 123 31 141 210 187 88 196 163 22 186 230 73 148 93 174 63 133 173 331 149 153 53 184 358 115 251 104 220 133 214 219 114 197 313 189 216 201 189 37 20 50 169 59 88 112 127 87 77 164 91 92
99 168 117 120 69 187 58 203 157 119 185 194 263 228 302 237 97 252 12 44 145 190 188 174 182 107 116 0 256 167 143 253 231 163 253 228 133 88 59 105 195 88 200 20 291 296 297 67 88 62 40 202 249 284 278 217 189 302 291 314 313 120 193 104 189 283 222 113 265 132 276 296 107 325 263 194 80 154 140 119 278 30 48 96 228 222 264 75 76 63 54 208 84 163 133 237 173 120 87 127 249 153 80 233 57 196 129 217 97 254 229 233 142 108 299 178 175 13 218 217 276 143 30 121 292 273 300 264 113 78 114 200 85 100 94 36 211 55 45 88 19 25
252 112 161 335 325 130 314 287 100 272 74 336 202 333 72 170 194 192 268 300 160 159 133 116 267 211 172 256 0 158 170 217 62 150 156 147 134 244 231 320 84 181 104 276 234 441 233 281 206 249 251 111 220 55 185 366 200 137 391 164 197 191 149 323 322 219 85 220 58 216 206 214 164 389 34 347 299 168 200 153 423 225 304 315 88 150 147 237 195 280 267 73 205 170 353 102 117 339 302 178 184 336 175 63 220 280 132 48 312 407 128 120 169 327 411 128 395 244 326 43 193 362 286 340 419 32 93 211 327 199 192 145 341 179 190 291 55 200 213 307 275 232
108 99 152 191 160 127 197 144 97 128 120 192 102 181 206 76 113 91 165 190 89 69 59 52 123 66 103 166 157 0 24 92 98 41 92 80 125 100 149 176 129 147 52 183 130 290 136 136 197 239 206 139 88 185 117 215 48 169 239 153 152 46 45 179 178 122 75 75 166 72 115 135 155 238 164 203 155 24 56 143 272 152 176 171 165 70 116 91 185 136 122 109 112 41 209 89 73 195 158 89 88 192 166 125 211 136 123 110 168 320 166 170 79 183 259 30 251 179 182 112 115 218 169 196 268 166 201 103 183 129 94 102 231 170 181 163 116 191 204 164 149 191
106 77 130 188 173 105 174 141 75 125 98 190 120 169 210 94 89 109 141 166 67 47 37 31 120 42 80 142 169 24 0 110 103 19 110 85 103 98 126 174 107 123 57 159 147 277 154 112 175 171 183 117 106 197 135 202 66 158 232 170 170 22 50 177 176 139 79 52 178 69 133 153 133 255 176 200 153 22 54 121 259 128 152 169 143 78 121 68 164 134 98 114 88 20 206 93 52 193 155 65 106 190 144 130 189 133 101 114 165 260 145 148 57 181 277 34 248 156 180 116 133 216 146 194 285 170 213 121 181 105 70 80 201 148 159 140 124 169 145 161 125 167
162 183 235 201 214 211 281 105 181 181 204 168 17 111 188 77 197 42 249 274 173 153 143 136 176 150 187 250 218 87 108 0 182 125 103 153 209 153 233 229 213 231 136 267 35 220 51 223 281 323 290 223 15 203 32 145 69 84 169 68 67 130 129 233 154 36 159 159 250 125 30 50 239 168 222 177 209 108 106 227 202 236 241 224 249 97 119 175 269 190 206 193 196 125 262 175 157 248 211 173 66 168 250 209 295 147 207 194 221 250 250 254 163 237 189 114 181 263 136 196 30 223 253 250 198 193 285 26 237 213 178 185 285 254 265 224 200 275 288 217 233 275
194 87 136 276 246 105 276 229 75 213 49 278 195 274 108 110 191 213 243 269 88 82 56 57 208 145 147 231 62 99 102 185 0 72 177 88 109 185 206 261 36 156 45 251 223 383 229 214 181 224 225 116 181 90 206 308 141 158 332 185 218 125 91 265 263 214 26 154 71 157 227 234 139 330 69 288 241 109 141 127 365 200 254 256 101 91 168 170 169 222 200 23 191 69 294 39 73 280 243 106 205 278 150 30 195 221 107 15 253 348 141 133 92 269 352 69 336 219 267 17 214 303 248 282 361 71 106 196 269 174 172 101 317 154 165 242 21 175 188 249 228 207
127 58 111 210 192 86 193 163 56 147 79 211 137 190 195 112 108 126 160 185 48 28 18 31 142 62 122 161 150 41 20 127 72 0 128 102 84 119 145 195 88 131 74 178 165 298 172 131 156 198 200 98 123 178 152 223 84 176 275 188 187 41 67 198 197 157 54 71 159 91 151 171 114 273 157 222 174 43 75 102 280 147 171 190 124 96 138 87 144 155 117 83 108 20 228 111 32 214 177 66 123 211 125 99 170 155 82 84 187 282 125 129 38 202 295 52 270 175 201 111 151 237 165 215 303 140 194 138 202 125 89 61 220 129 140 159 105 150 163 183 144 182
258 237 285 300 310 254 284 204 224 278 198 267 87 210 127 16 199 48 251 277 175 155 145 98 272 153 190 252 157 90 110 102 178 128 0 41 258 250 236 326 208 233 74 269 119 319 118 222 331 373 293 265 105 142 70 244 165 20 268 49 82 132 50 329 252 103 96 162 220 222 91 98 289 266 161 276 305 110 202 277 300 238 262 321 249 21 57 178 319 286 208 189 199 128 359 63 160 345 308 175 28 267 300 148 345 246 256 166 318 349 290 281 165 333 288 83 279 266 234 166 77 322 256 346 296 132 255 96 333 216 180 188 381 303 314 321 172 325 338 313 235 277
175 159 212 258 228 187 258 211 157 195 134 259 139 262 125 49 173 128 225 251 149 129 100 67 190 127 164 226 147 81 84 154 88 102 93 0 185 167 210 243 112 207 42 243 171 370 170 196 257 300 267 199 157 141 122 295 123 73 320 100 134 106 73 247 245 155 65 136 156 139 142 150 215 318 160 270 223 91 123 204 352 212 236 238 186 30 36 152 246 204 182 99 173 102 276 21 134 262 225 150 120 259 226 115 271 203 183 100 235 330 227 230 139 251 340 51 318 240 249 102 129 285 230 263 348 75 191 147 251 190 154 162 298 230 241 224 106 251 264 231 209 252
210 31 34 253 202 70 191 246 40 230 63 294 220 273 179 195 67 209 146 177 94 93 66 114 225 86 44 133 134 124 103 210 109 83 257 185 0 137 84 238 72 54 125 153 248 381 255 152 84 126 128 84 206 162 235 306 167 238 358 271 270 124 150 237 280 240 106 70 143 174 234 254 42 356 141 327 213 126 158 30 363 98 181 229 110 179 221 107 72 196 138 86 77 103 266 149 51 253 220 63 206 286 53 110 98 238 19 95 230 388 111 115 103 241 378 135 308 121 284 95 234 276 163 254 386 151 178 221 246 72 65 27 219 56 68 169 89 78 91 221 118 109
27 175 113 109 79 203 119 105 172 46 196 188 165 132 292 169 66 154 86 111 99 144 135 128 84 62 95 87 243 99 97 155 185 117 251 166 137 0 102 94 205 100 139 104 193 241 199 37 175 149 127 215 151 272 180 166 91 232 195 216 215 75 131 98 183 184 161 67 252 33 178 198 194 300 251 188 74 76 42 207 223 73 106 89 241 163 203 29 164 55 37 196 49 117 127 175 149 113 76 81 214 142 168 212 145 97 199 196 86 248 242 246 96 102 244 116 169 100 143 198 178 137 91 115 237 252 288 166 102 82 50 111 150 129 181 89 203 143 133 82 70 112
124 109 58 145 95 164 91 229 134 144 163 220 245 253 279 220 38 235 74 84 99 117 166 157 208 90 57 61 233 150 126 235 208 145 236 211 84 102 0 130 172 29 183 81 273 321 280 92 65 48 56 179 232 262 260 242 192 284 316 296 296 103 176 129 214 265 205 74 242 157 259 279 84 381 240 220 105 137 166 96 303 20 73 121 205 204 247 73 53 88 76 185 53 146 158 219 150 145 112 82 232 179 57 210 39 221 106 194 122 280 207 210 108 133 325 160 200 49 243 194 259 168 63 146 317 250 278 247 138 20 55 89 119 39 71 61 188 32 22 113 41 38
77 251 182 14 67 280 136 120 249 30 273 74 241 109 368 245 166 230 103 129 211 221 212 205 70 174 182 105 319 175 174 231 261 194 327 242 238 94 131 0 282 154 215 122 269 166 275 77 193 167 145 292 227 348 256 96 167 308 157 292 291 187 207 81 70 260 237 179 328 109 254 274 212 195 327 77 57 152 118 224 148 115 94 41 318 239 279 141 181 42 97 272 150 194 110 251 226 79 18 193 290 48 185 288 162 104 234 272 32 138 319 323 209 85 169 192 54 118 99 274 254 70 108 98 162 328 364 242 18 144 174 254 133 205 199 78 279 160 150 65 89 130
216 51 99 298 264 69 252 251 38 235 13 300 226 279 129 134 132 215 207 239 99 98 72 81 230 150 110 195 83 130 109 216 36 89 207 113 73 207 170 283 0 120 70 215 254 387 260 220 145 187 189 80 212 112 236 312 172 187 363 214 248 130 115 287 286 245 50 159 92 179 239 259 103 361 91 310 263 132 164 91 369 164 242 279 122 115 198 175 133 244 206 13 143 109 316 67 56 303 265 117 235 300 114 60 159 243 71 44 275 370 107 111 108 291 383 93 358 182 290 44 243 326 224 304 391 100 128 227 291 138 131 83 280 118 129 230 39 139 152 271 214 171
147 79 28 168 118 118 114 252 87 167 111 243 230 276 227 205 23 219 67 107 84 140 114 162 231 75 29 88 181 135 110 220 156 131 221 195 54 87 29 153 120 0 173 108 258 344 265 115 92 75 83 131 216 210 245 265 177 285 339 281 281 88 160 152 237 250 153 59 190 180 244 264 40 366 189 243 128 122 125 66 326 43 96 144 157 189 231 58 80 111 77 133 37 151 182 196 98 168 135 66 216 202 43 158 66 244 76 142 145 303 159 162 92 156 348 145 223 76 266 142 244 191 86 169 340 198 226 231 161 17 40 59 142 29 58 84 137 59 49 136 64 65
148 100 153 230 200 128 230 183 98 167 91 232 149 228 168 64 145 138 197 223 90 101 58 24 162 99 136 199 104 53 56 139 46 74 74 42 126 139 182 215 70 179 0 216 177 337 183 168 198 240 239 140 135 133 164 262 95 116 286 143 177 79 45 219 217 168 22 108 113 111 162 182 156 284 112 242 195 63 95 144 319 184 208 210 143 45 79 124 186 176 154 57 145 36 248 51 74 234 197 122 76 232 167 73 212 175 124 57 207 302 167 175 111 223 306 23 290 212 221 59 162 258 202 236 315 113 149 150 223 162 126 103 271 171 182 196 64 192 205 203 182 224
115 188 138 136 85 208 37 219 178 135 206 211 279 244 322 253 117 268 20 24 161 206 196 190 198 123 136 20 277 183 159 269 252 179 269 244 154 104 80 121 215 109 216 0 307 312 313 83 108 82 24 222 265 305 294 233 205 318 307 330 329 136 209 120 205 299 238 129 285 148 292 312 127 342 284 210 96 170 156 140 294 46 64 112 248 238 280 91 97 79 70 228 100 179 149 253 193 136 103 143 265 169 100 253 78 212 150 238 113 270 250 254 158 124 315 194 191 33 234 238 292 159 46 137 308 294 321 280 129 99 135 220 64 121 114 52 232 76 66 104 36 45
200 222 274 238 253 250 320 142 219 220 243 204 33 148 205 94 236 59 288 313 211 192 182 175 215 189 226 289 235 126 147 35 221 164 120 170 247 192 272 268 252 270 175 306 0 256 49 262 320 362 329 262 54 220 49 181 108 101 206 88 64 169 168 272 190 32 197 198 298 164 47 47 278 204 240 214 248 147 145 266 238 275 279 263 288 114 136 214 308 229 245 232 235 164 301 192 196 287 250 212 83 204 289 226 334 184 246 244 260 287 289 293 202 276 226 153 217 302 172 244 47 259 292 289 234 210 333 45 276 252 217 224 324 292 304 263 250 314 327 256 272 314
272 355 374 154 259 383 278 137 353 184 376 113 238 110 408 298 358 263 295 279 345 325 315 309 160 275 317 296 423 279 277 223 364 297 324 346 381 241 322 169 385 345 318 313 261 0 272 268 384 358 336 395 229 424 253 73 270 305 63 288 288 289 311 233 107 257 340 289 432 207 251 271 403 92 443 102 236 256 221 416 35 306 260 214 421 318 339 332 372 233 288 375 341 298 228 355 329 193 188 303 287 121 376 391 353 149 379 376 223 32 422 426 335 217 42 296 119 309 111 378 251 184 299 216 35 414 467 239 190 335 307 358 251 397 390 269 382 351 342 217 281 321
207 228 281 249 259 256 327 153 226 227 250 216 36 159 203 93 242 58 294 320 218 198 188 182 222 196 233 295 233 133 153 51 228 171 118 168 254 199 279 275 259 276 182 313 50 268 0 269 326 369 336 268 53 218 47 193 114 99 217 73 49 175 175 278 202 19 204 205 296 171 46 32 285 215 238 225 254 153 151 273 250 281 286 270 326 112 134 221 315 235 251 239 242 171 308 190 203 294 257 219 81 216 296 225 340 195 252 242 267 298 296 300 208 282 237 159 229 309 184 242 46 271 299 295 245 208 332 44 282 259 223 231 330 299 310 270 249 320 333 263 279 321
70 189 128 91 40 218 98 174 187 90 211 166 234 199 323 207 69 223 65 90 114 159 150 143 154 77 85 66 281 136 112 224 215 132 223 197 152 37 92 76 220 115 169 83 262 267 269 0 154 128 107 230 220 310 249 188 160 271 262 285 285 90 162 75 160 254 192 82 290 103 248 268 173 297 289 165 51 124 112 186 249 76 56 67 256 191 233 44 143 34 20 226 53 132 104 206 164 91 58 96 284 124 147 242 124 167 196 227 68 226 257 261 111 79 271 147 146 80 189 229 248 114 70 92 263 283 326 235 84 86 77 126 127 167 160 40 237 122 112 59 51 91
187 118 83 208 157 138 146 291 108 206 136 282 293 316 252 267 101 282 100 132 166 165 139 187 270 153 128 88 207 197 176 283 182 156 330 258 84 175 63 193 145 92 198 108 321 383 327 154 0 65 82 152 279 235 308 305 239 311 379 344 343 197 223 191 276 312 178 137 215 219 306 326 57 428 214 282 167 199 231 70 365 84 135 183 178 251 294 162 11 150 141 158 115 176 221 221 123 207 174 144 279 241 30 183 36 283 80 168 184 342 180 184 175 195 387 208 263 76 305 167 306 230 117 208 379 224 231 294 200 82 118 150 173 51 44 123 162 32 45 175 107 64
160 160 102 181 131 180 119 265 150 180 178 256 335 289 294 310 82 324 74 106 144 207 181 229 244 134 101 61 249 239 170 325 224 198 372 300 126 149 44 166 187 73 240 82 363 357 369 128 65 0 32 195 321 277 350 278 251 353 352 386 385 147 265 165 250 355 220 118 258 193 348 368 99 387 256 256 141 181 202 112 339 66 109 157 221 294 336 136 54 124 115 201 97 218 195 264 165 181 148 126 321 215 73 225 31 257 122 210 158 316 222 226 217 169 361 250 236 49 279 210 349 204 91 182 353 266 293 336 174 64 99 193 147 93 86 97 204 37 25 149 81 38
139 163 112 160 109 182 98 243 152 158 180 234 302 268 296 277 92 292 52 49 153 209 183 214 222 147 111 40 251 207 183 292 226 200 293 267 128 127 54 145 189 83 240 24 330 336 337 107 82 32 0 197 289 279 317 257 229 355 331 353 353 160 233 143 229 322 222 128 260 171 316 336 101 365 258 234 119 194 180 114 317 70 87 135 223 261 304 114 71 102 93 203 123 203 173 276 167 159 126 135 288 193 75 227 52 235 124 212 137 294 224 228 182 147 339 217 215 28 257 212 316 182 69 160 331 268 295 304 152 73 109 195 125 95 88 75 206 50 40 128 59 19
225 60 109 307 269 36 257 260 43 244 71 309 235 288 156 209 142 224 212 244 108 107 81 129 239 159 120 200 111 139 118 225 116 98 265 200 82 216 175 293 80 129 140 220 263 396 269 229 150 192 194 0 221 139 250 321 181 245 372 272 285 139 165 296 295 254 120 168 55 188 248 268 108 370 118 319 272 141 173 96 378 173 247 288 26 193 256 184 138 262 215 93 152 118 325 156 65 312 274 126 221 309 119 118 164 252 76 102 284 379 27 31 117 300 392 150 367 187 299 102 248 335 229 313 400 158 80 236 300 147 140 92 285 123 134 235 97 144 157 280 219 176
159 180 233 205 211 208 279 109 178 178 201 172 22 115 191 81 194 31 246 271 170 150 140 134 173 147 185 247 221 85 105 16 179 122 106 156 206 150 230 227 210 228 133 264 54 224 54 220 278 320 287 220 0 206 35 149 66 87 173 71 69 127 126 230 157 39 156 156 247 122 19 53 236 171 226 181 206 105 103 224 206 233 238 222 246 100 122 173 266 187 203 190 193 123 259 170 154 246 208 170 69 172 247 213 292 151 204 191 218 254 247 251 160 234 193 111 185 260 139 193 33 227 250 247 201 196 283 11 234 210 175 183 282 251 262 222 198 272 285 214 230 272
280 141 189 363 353 158 342 305 128 300 102 367 188 311 18 156 222 177 296 328 189 187 161 144 295 239 200 284 55 186 198 203 90 178 142 139 162 272 259 348 112 209 132 304 220 419 219 309 234 277 279 139 206 0 171 344 266 122 369 149 183 219 178 352 353 204 113 249 86 244 191 199 192 367 21 377 328 196 228 181 401 253 332 343 116 161 133 265 223 309 295 101 233 198 381 161 145 367 330 206 169 367 204 91 248 308 160 76 340 450 156 148 198 356 389 156 380 272 335 71 178 390 314 368 397 61 122 196 355 227 220 173 369 207 218 319 83 228 241 336 303 260
188 210 262 230 241 238 308 135 207 208 227 197 18 140 155 45 223 19 276 301 199 179 170 163 203 177 214 277 185 114 134 33 207 152 71 121 235 180 260 256 237 257 163 294 49 249 49 250 308 350 317 250 35 171 0 174 96 52 198 35 64 157 156 260 183 34 185 186 248 152 21 23 266 197 190 206 236 134 133 254 231 263 267 251 278 65 86 202 296 217 233 217 223 152 289 142 184 275 238 200 34 197 277 177 322 177 234 195 248 280 277 281 190 264 218 141 210 290 165 194 8 252 280 277 227 161 284 26 264 240 205 212 311 280 292 251 201 302 315 244 260 302
174 280 260 83 194 308 213 62 277 135 301 42 162 34 333 223 293 188 230 214 270 250 240 233 85 199 242 231 347 204 202 148 289 222 249 271 306 165 257 97 310 280 243 248 186 73 197 203 319 293 271 320 154 349 177 0 195 229 60 213 213 213 236 168 36 182 265 214 356 132 176 196 338 84 368 37 171 180 146 324 55 241 195 149 346 242 264 189 307 168 223 300 276 222 163 279 254 128 116 227 212 49 311 316 288 74 304 300 158 104 347 351 260 152 77 220 54 244 35 302 176 119 234 151 69 339 392 164 125 270 232 282 186 332 325 204 307 286 276 152 216 256
100 175 227 182 152 203 221 135 172 119 196 184 81 160 252 85 188 70 188 213 164 144 135 128 114 91 179 189 233 79 99 71 174 117 167 156 200 91 225 167 205 222 128 206 109 269 115 161 273 251 229 215 67 267 96 194 0 148 218 132 131 122 121 171 169 101 150 151 242 63 94 114 231 217 240 194 147 72 44 219 251 199 178 162 241 95 183 167 261 128 143 185 188 117 200 165 149 186 149 165 130 184 242 201 246 127 199 186 159 254 242 246 155 175 238 106 242 202 173 188 94 209 192 188 247 257 277 82 175 205 170 177 223 245 257 162 192 267 235 155 174 214
239 218 266 281 291 235 331 185 205 258 179 247 68 191 107 34 246 57 298 324 222 202 173 140 253 200 277 299 137 165 157 83 158 175 20 73 239 230 283 306 189 286 115 317 100 299 99 300 311 354 356 246 86 123 51 224 146 0 249 29 63 179 69 310 233 84 138 209 200 202 71 79 269 247 142 257 286 185 183 258 281 285 318 302 230 39 38 225 300 267 255 169 246 175 339 94 207 326 288 223 49 247 280 129 325 227 237 146 298 330 270 262 212 314 269 124 260 313 215 146 58 302 303 327 277 113 236 76 314 263 227 235 362 284 295 302 153 305 318 294 283 337
203 309 289 147 253 337 272 92 307 165 330 106 213 62 384 273 281 238 289 274 299 279 269 263 115 229 271 290 377 233 231 198 318 252 299 300 335 195 316 161 340 339 272 308 236 63 247 262 379 353 331 349 204 399 228 60 225 280 0 264 263 243 265 228 100 232 295 243 386 161 226 246 398 36 419 96 231 210 176 354 40 301 255 208 375 293 315 219 367 228 283 329 336 252 223 309 284 188 180 257 262 113 371 405 348 103 333 330 218 94 377 380 289 211 34 250 114 304 96 332 226 179 294 211 42 389 422 214 185 330 262 312 246 391 385 264 336 346 336 212 275 316
224 245 297 266 276 261 343 170 243 243 205 232 53 176 134 46 259 42 311 336 235 215 205 198 238 212 249 312 164 150 170 68 185 187 49 99 271 215 295 291 215 293 142 329 87 284 73 285 343 385 352 272 70 149 36 209 131 30 234 0 31 192 94 295 218 58 164 221 227 187 56 48 301 232 168 242 271 170 168 289 266 298 303 286 256 65 64 237 331 252 268 196 258 187 324 121 219 310 273 235 34 232 312 155 357 212 269 173 283 315 297 289 225 299 254 151 245 325 200 173 43 287 315 312 262 139 262 61 299 275 240 247 347 316 327 286 179 337 350 279 295 337
226 247 300 268 279 275 346 172 245 246 242 235 55 178 170 72 261 77 313 339 237 217 208 201 241 215 252 315 200 152 172 70 221 190 86 136 273 218 298 294 252 295 201 332 68 287 54 288 346 388 355 288 73 186 66 212 134 66 236 35 0 195 194 298 221 39 223 224 263 190 65 28 304 235 205 244 273 172 171 292 269 300 305 289 293 92 101 240 334 255 271 232 261 190 327 157 222 313 276 238 61 235 315 192 359 215 271 209 286 317 315 319 228 302 256 179 248 328 203 209 65 290 318 314 265 176 299 63 301 278 243 250 349 318 329 289 216 340 353 282 298 340
117 99 75 201 151 127 151 153 97 137 121 201 142 180 233 117 66 131 118 144 61 69 59 53 132 20 57 119 191 46 22 132 125 42 133 107 125 75 103 187 130 100 79 137 170 289 177 89 197 149 160 139 128 220 157 214 89 181 243 193 192 0 72 185 187 162 101 29 200 81 155 175 155 278 198 276 161 34 65 144 270 105 129 177 165 101 143 45 186 144 75 136 66 42 215 116 74 201 168 43 128 235 167 152 139 145 123 137 178 336 167 171 24 189 299 57 256 133 191 139 156 224 123 202 284 193 236 143 194 83 47 102 178 170 181 117 146 133 123 169 103 145
140 124 177 223 193 152 223 176 122 160 145 224 142 221 198 48 138 131 190 216 114 94 84 78 155 92 129 191 149 46 49 132 90 67 50 72 150 132 175 208 114 172 44 209 170 330 176 161 222 265 232 164 128 177 157 255 88 69 279 94 118 71 0 212 210 161 66 101 158 104 155 175 180 277 156 235 188 56 88 169 312 177 201 203 188 29 108 117 211 169 147 101 138 67 241 81 99 227 190 115 59 225 191 117 236 168 148 102 200 295 192 195 104 216 299 27 283 205 214 104 155 250 195 229 307 158 193 143 216 155 119 127 264 195 206 189 108 216 229 196 174 217
80 255 181 96 32 283 42 176 253 100 276 132 244 165 372 249 165 233 102 46 210 225 215 209 163 173 181 104 323 179 177 234 264 197 331 246 237 98 129 81 285 152 218 121 272 233 279 75 192 166 144 295 230 351 259 154 170 311 228 295 294 186 211 0 126 264 240 178 332 113 258 278 211 263 330 131 25 156 121 223 215 114 26 33 321 243 282 140 180 41 96 275 149 198 70 255 229 57 62 192 293 124 184 291 161 160 233 276 42 191 323 326 207 29 236 196 112 117 155 278 258 80 47 58 229 332 367 245 88 143 173 258 34 204 198 77 282 159 149 17 88 129
165 253 266 54 151 281 171 58 251 83 274 15 171 47 342 232 250 197 187 172 243 223 213 207 58 173 266 189 321 177 175 157 262 195 258 244 279 183 214 69 283 238 216 206 195 106 206 161 277 251 229 293 163 358 186 36 168 238 97 222 222 187 209 126 0 191 238 263 330 105 185 205 296 135 328 26 129 154 120 308 88 199 153 106 319 251 273 225 265 126 181 273 234 196 121 253 227 86 87 277 221 20 269 289 246 42 318 274 116 86 321 324 233 109 109 194 35 202 36 276 185 77 192 109 102 348 365 172 83 228 258 256 144 289 283 162 280 244 234 110 173 214
193 214 267 235 245 242 312 139 212 212 235 201 22 145 188 78 228 43 280 305 204 184 174 167 207 181 218 281 218 119 139 37 213 156 104 154 240 184 264 260 244 262 167 298 31 253 19 254 312 354 321 254 39 204 33 178 100 85 203 58 34 161 160 264 187 0 190 190 281 156 31 18 270 201 223 211 240 139 137 258 235 267 272 256 311 98 119 207 300 221 237 224 227 156 293 175 188 280 242 204 67 201 281 210 326 181 238 228 252 284 281 285 194 268 223 145 214 294 169 228 31 256 284 281 231 194 317 30 268 244 209 217 316 285 296 256 234 306 319 248 264 306
170 80 133 252 222 108 252 205 78 189 72 254 171 251 130 87 168 160 220 245 70 64 38 33 184 121 144 221 85 75 79 161 26 54 96 65 106 162 203 238 50 153 22 238 199 359 206 191 178 221 223 120 157 113 186 284 118 138 308 165 199 101 67 241 240 191 0 130 94 133 185 204 136 307 92 264 217 85 118 125 341 207 230 233 124 68 101 146 167 198 177 37 167 45 270 54 55 257 219 88 98 254 147 53 192 197 104 38 229 324 148 156 74 245 329 46 312 216 244 40 185 280 224 258 337 94 129 172 245 184 149 83 293 151 162 218 44 172 185 225 204 204
90 94 46 194 143 157 143 153 127 109 150 268 172 181 262 146 37 161 111 136 32 49 89 83 132 16 28 112 221 76 52 162 155 71 162 137 69 67 74 179 159 71 109 129 200 289 206 82 136 120 152 169 158 249 187 214 118 210 244 222 222 29 102 177 263 191 131 0 230 82 185 205 80 307 228 268 153 63 66 99 271 88 121 169 195 130 173 37 125 136 68 166 58 72 207 145 103 193 161 14 158 227 129 182 110 146 88 166 171 328 197 200 34 181 329 86 249 125 192 168 185 216 115 194 285 222 265 173 186 54 18 44 171 101 142 109 176 104 94 162 95 109
261 121 170 344 334 92 323 296 109 281 83 345 265 342 103 233 203 254 277 309 169 168 142 125 275 220 180 265 58 166 179 252 71 159 219 156 143 253 240 329 92 190 113 285 297 450 296 290 215 257 259 55 248 86 248 375 209 200 400 227 260 200 158 332 331 281 94 229 0 225 269 276 173 398 65 355 308 176 209 161 432 234 312 324 32 159 210 245 203 289 276 82 213 179 362 111 126 348 310 187 247 345 184 72 229 289 141 57 321 416 73 64 178 336 420 137 403 253 335 52 255 371 294 349 428 113 38 274 336 208 201 154 350 188 199 300 64 209 222 316 284 241
41 147 127 124 94 175 162 71 145 61 169 120 137 99 264 141 119 126 130 155 137 117 107 101 50 67 109 131 215 71 69 127 156 90 223 138 173 33 157 109 178 180 111 148 164 207 171 103 219 193 171 187 123 244 152 132 63 204 162 187 187 81 103 113 106 156 133 81 224 0 150 170 204 185 223 130 89 48 14 192 189 141 120 104 213 135 174 57 207 70 85 167 77 90 142 147 122 128 91 95 186 120 211 183 188 64 171 168 101 190 215 219 127 117 211 88 133 144 110 170 150 151 134 130 203 224 260 138 117 135 100 150 165 218 225 104 175 186 177 97 116 156
186 207 260 228 238 235 306 132 205 206 228 195 15 138 176 66 221 15 273 299 197 177 167 161 200 175 212 274 206 112 132 30 227 150 92 142 233 178 258 254 238 255 161 291 47 247 46 247 305 348 315 247 19 192 20 172 93 72 196 56 62 154 154 257 180 32 183 184 269 150 0 45 263 194 211 204 233 132 130 252 228 260 265 249 299 85 107 200 294 214 230 218 221 150 287 163 182 273 236 198 55 195 274 198 319 174 231 215 246 277 275 278 187 261 216 138 207 288 162 215 19 250 278 274 224 182 305 9 261 238 202 210 309 278 289 249 222 299 312 241 257 300
205 226 278 247 257 254 324 151 224 224 247 213 34 157 184 90 240 55 292 317 216 196 186 179 219 193 230 293 214 130 151 49 225 168 100 150 252 196 276 272 256 274 179 310 46 265 32 266 324 366 333 266 51 200 44 190 112 80 214 49 25 173 172 276 199 17 201 202 277 168 43 0 282 213 219 222 252 151 149 270 247 279 284 267 307 109 115 218 312 233 249 236 239 168 305 171 200 291 254 216 79 213 293 206 338 193 250 223 264 296 293 297 206 280 235 157 226 306 181 223 43 268 296 293 243 190 313 42 280 256 221 228 328 297 308 267 230 318 331 260 276 318
205 76 35 226 176 96 164 276 66 225 94 301 251 304 210 225 55 240 119 151 124 123 97 145 255 175 55 107 165 155 134 241 140 114 288 216 42 194 82 212 103 40 156 127 279 402 285 173 57 99 101 110 237 193 266 323 197 269 388 302 301 155 181 210 295 270 136 80 173 204 264 284 0 386 172 301 186 157 189 28 384 103 154 202 136 209 252 181 45 169 160 116 71 134 240 179 81 226 193 74 237 260 26 141 71 268 38 126 203 361 138 142 133 214 408 166 282 94 324 126 264 249 136 227 398 182 209 252 219 57 74 108 192 18 41 142 120 51 64 194 126 83
227 330 383 184 288 358 308 115 328 189 351 143 181 86 352 241 344 206 324 309 320 300 290 284 138 298 335 326 388 235 255 166 330 273 267 311 356 219 381 199 360 378 284 343 204 92 215 297 428 388 366 370 172 367 196 84 216 248 36 231 231 277 276 263 137 200 306 307 397 185 194 214 386 0 386 131 266 255 253 375 48 336 290 243 396 261 283 323 417 263 353 341 344 273 258 320 305 223 217 320 230 150 397 373 383 127 354 341 253 122 398 401 310 246 26 261 149 339 120 343 194 214 329 246 34 357 433 182 220 361 325 333 281 401 412 299 348 422 371 247 310 351
260 120 168 342 332 137 321 295 107 279 81 387 207 330 38 175 201 197 276 307 168 167 141 123 274 219 179 263 34 165 177 222 69 158 161 159 141 251 239 327 91 189 111 283 239 439 238 288 214 256 258 118 225 21 190 364 207 142 388 169 202 198 157 331 373 224 92 228 65 223 211 219 172 386 0 396 307 175 207 160 421 232 311 322 95 181 153 244 202 288 274 80 212 177 360 109 125 346 309 186 189 387 183 71 228 287 139 56 319 469 135 127 177 335 408 135 400 251 355 51 198 369 293 348 416 44 101 216 335 206 199 152 348 186 197 299 62 208 221 315 283 239
171 277 272 63 157 305 176 82 275 93 298 19 196 68 367 257 256 222 193 178 267 247 237 231 83 263 271 194 345 201 199 182 286 220 282 268 328 188 220 78 308 243 240 211 219 102 231 166 282 256 234 317 188 382 211 38 193 263 98 247 246 276 233 131 32 216 263 269 354 129 210 229 301 132 352 0 134 178 144 314 84 204 158 112 343 276 298 231 270 131 186 297 239 220 127 277 252 91 97 282 245 30 274 313 251 66 324 298 121 61 345 348 257 115 106 218 17 207 61 300 210 83 197 114 98 372 390 197 89 233 263 280 149 295 288 167 305 250 240 116 179 219
56 231 157 72 17 259 111 160 229 76 252 135 220 168 348 225 141 209 78 104 186 201 191 185 139 149 157 80 299 155 153 210 240 173 307 222 213 74 105 57 261 128 194 97 248 236 255 51 168 142 120 271 206 327 235 157 146 287 231 271 270 162 187 25 129 240 216 154 308 89 234 254 187 266 306 134 0 132 98 199 218 90 33 36 297 219 258 116 156 17 72 251 125 174 73 231 205 60 38 168 269 127 160 267 137 153 209 252 36 194 299 302 184 48 239 172 115 93 158 254 234 83 83 61 232 308 343 221 64 119 149 234 96 180 174 53 258 135 125 28 64 105
85 108 161 168 137 136 186 120 106 105 130 169 118 148 215 93 101 108 153 178 98 78 68 62 99 54 91 154 167 23 22 108 108 51 109 90 134 77 137 153 139 135 62 171 146 256 153 124 206 183 194 148 105 195 133 181 65 163 211 169 169 34 55 156 155 138 84 63 176 49 132 152 165 254 174 179 132 0 33 153 238 140 164 148 174 87 126 80 195 113 110 119 100 51 186 99 83 172 134 77 104 169 176 135 220 113 132 120 145 239 176 180 88 160 260 40 227 167 159 122 132 195 157 173 252 175 211 120 160 117 82 111 208 179 190 148 126 201 157 140 137 179
50 132 112 133 103 160 171 86 129 70 153 134 117 113 288 122 103 106 139 164 122 102 92 85 65 51 94 140 199 56 54 107 141 74 203 123 158 42 166 118 162 137 95 157 145 221 152 112 230 202 180 172 103 228 132 146 43 184 176 168 167 65 88 122 120 137 117 66 208 14 131 150 188 253 207 145 97 32 0 176 203 150 129 113 198 120 159 82 218 79 94 152 103 74 151 131 106 137 100 79 166 134 199 168 197 78 156 152 110 205 199 203 112 126 225 72 193 153 124 154 131 160 143 138 217 208 244 118 125 120 84 134 173 203 214 113 159 195 185 106 124 165
218 64 42 239 188 84 177 264 54 238 82 314 239 292 198 214 74 228 132 163 112 111 85 133 243 163 74 119 153 143 122 229 128 102 276 204 30 221 95 224 91 66 144 139 267 415 273 186 70 112 114 99 225 181 254 325 186 257 376 290 289 143 169 223 308 259 124 99 162 193 252 272 28 375 160 313 199 145 177 0 397 116 167 215 125 198 240 189 58 182 173 105 116 122 252 168 69 239 206 93 225 272 39 129 84 257 26 114 216 373 126 130 121 227 396 154 294 107 303 114 253 262 149 240 405 170 197 240 232 83 94 97 205 42 54 155 108 64 77 207 139 95
254 337 356 136 241 365 260 119 335 166 358 95 219 92 390 280 340 245 277 261 327 307 297 290 142 256 299 278 405 261 259 205 346 279 306 328 363 223 304 151 367 327 300 295 243 35 254 250 366 340 318 377 211 406 234 55 252 286 40 270 270 270 293 215 89 239 322 271 413 189 233 253 385 47 425 84 218 237 203 397 0 288 242 195 403 299 321 314 354 215 270 357 323 279 210 336 311 175 170 284 269 103 358 373 335 131 361 357 205 65 404 408 317 198 21 277 101 291 92 359 233 166 281 198 14 396 449 221 172 317 289 339 233 379 372 251 364 333 323 199 262 303
108 122 72 129 79 161 75 213 131 128 154 204 248 238 270 223 52 237 29 68 113 131 165 159 192 92 71 30 225 152 128 238 200 148 239 213 98 73 20 115 163 43 185 47 276 305 283 76 84 67 70 175 234 253 263 227 199 287 301 299 298 106 178 113 198 268 208 88 234 141 262 281 103 335 232 204 89 140 150 116 287 0 57 105 201 207 249 60 72 72 39 177 69 148 143 222 142 129 96 95 234 163 76 201 58 205 125 186 106 264 202 206 127 117 309 163 185 43 227 186 262 152 47 130 301 242 269 249 122 33 69 103 103 57 90 45 180 51 41 97 25 55
89 215 125 110 20 235 36 194 205 109 233 158 253 192 349 246 109 242 46 31 153 199 189 183 173 116 124 47 304 176 152 243 255 171 262 237 181 107 73 95 242 96 209 64 281 260 288 57 135 109 87 249 240 332 268 181 180 320 255 304 304 129 202 26 153 273 231 122 312 122 267 287 154 289 311 158 33 163 131 167 242 57 0 59 275 230 273 84 124 53 62 266 92 172 97 245 203 83 77 136 303 144 127 280 105 186 177 265 87 218 277 281 151 56 263 186 139 60 182 265 267 106 24 85 256 321 348 255 103 86 116 165 49 148 141 26 259 103 93 44 32 72
72 247 173 56 58 275 75 157 244 91 268 112 236 146 363 240 157 225 94 79 202 217 207 200 155 164 172 95 314 171 169 226 256 189 322 238 229 89 121 41 277 144 210 112 264 213 270 67 183 157 136 287 222 343 251 134 162 303 209 287 286 177 203 33 106 256 232 170 323 104 249 269 202 243 322 112 36 147 113 215 195 105 59 0 313 235 274 132 172 33 88 267 141 189 51 246 221 37 23 184 285 104 176 283 153 140 225 267 9 172 314 318 199 25 217 187 93 108 135 269 249 60 99 38 209 323 359 237 48 134 164 249 73 196 189 69 274 151 141 17 80 120
251 86 135 333 295 62 283 286 69 270 112 335 295 314 133 263 168 284 238 270 134 133 107 154 265 185 146 226 87 165 144 251 100 124 249 185 108 242 201 319 122 155 143 246 289 422 326 255 176 218 220 26 247 116 278 347 207 229 398 256 290 165 188 322 321 311 123 194 32 214 298 306 134 396 95 345 298 167 199 122 404 199 273 314 0 188 240 210 164 288 241 111 178 144 351 140 91 338 300 152 276 335 145 102 190 278 102 87 310 405 43 35 143 326 418 166 393 213 325 82 285 361 255 339 426 142 57 303 326 173 166 118 311 149 160 261 93 170 183 306 245 202
169 153 206 252 221 181 252 198 151 189 137 261 81 204 146 19 167 51 219 244 143 123 113 69 184 120 158 220 150 68 78 96 91 95 21 30 179 161 203 237 115 201 45 237 113 313 112 190 251 293 260 193 99 161 64 238 94 39 262 65 88 100 29 240 246 98 67 130 159 133 85 111 209 260 181 270 216 85 117 197 294 206 230 232 189 0 34 146 239 197 176 102 166 96 270 52 127 256 219 143 30 261 220 118 265 197 177 103 229 343 221 224 133 244 282 56 273 233 228 105 72 279 223 257 290 152 194 90 244 183 148 156 292 224 235 218 109 245 258 224 203 245
212 195 248 312 264 223 294 216 193 231 196 278 99 222 124 67 209 88 261 287 185 165 136 103 226 163 200 263 154 117 120 114 124 138 53 36 221 203 246 279 149 243 79 280 131 330 130 233 293 336 303 263 117 139 82 255 177 33 280 60 94 143 109 283 264 115 101 172 217 175 102 110 252 278 159 288 259 127 160 240 312 248 272 275 247 34 0 188 282 240 218 135 209 138 312 57 170 299 261 186 81 279 263 146 307 258 219 163 271 361 287 279 175 287 300 87 291 276 246 163 89 334 266 300 308 129 252 108 287 226 190 198 335 266 277 260 169 288 301 267 246 288
52 145 84 156 105 173 106 129 143 72 166 230 187 156 278 162 37 177 73 98 69 115 105 99 108 32 66 74 237 92 68 178 171 87 178 153 107 29 73 141 175 71 125 91 215 332 222 44 162 136 114 185 174 265 202 253 134 226 219 238 238 45 118 140 225 207 147 38 246 57 201 221 181 323 244 230 116 79 82 189 314 60 84 132 211 146 189 0 151 99 30 182 20 88 169 161 119 156 123 51 174 189 155 198 132 121 169 182 133 290 212 216 67 144 335 102 211 87 167 184 201 179 77 157 328 238 281 189 148 53 21 81 133 100 168 72 192 130 120 124 57 99
175 107 72 196 145 126 134 279 96 194 124 270 281 304 241 256 89 270 88 120 154 153 127 175 258 141 116 76 195 185 164 271 170 144 318 246 72 164 51 181 133 81 186 96 309 372 316 143 11 54 71 141 267 223 296 293 228 299 367 332 331 185 211 180 265 301 167 125 204 207 295 314 45 417 202 270 156 187 219 58 354 73 124 171 167 240 282 151 0 138 129 147 104 164 209 210 111 195 163 133 267 229 19 171 26 272 68 156 173 330 168 172 164 184 375 196 251 64 294 156 295 218 106 197 368 212 239 282 188 71 107 139 161 39 32 111 150 20 33 164 95 52
42 217 141 57 26 251 95 146 221 61 249 132 206 165 333 210 125 195 62 88 170 187 177 170 125 132 140 63 284 140 139 196 226 159 292 208 197 59 89 42 258 112 180 81 234 233 240 35 151 126 104 266 192 313 221 154 132 273 228 257 256 146 173 41 126 225 202 138 293 74 219 239 170 263 292 131 17 117 83 183 215 73 53 33 292 204 244 100 140 0 56 237 109 159 70 216 191 57 24 152 255 90 144 253 121 138 193 237 34 192 293 297 167 45 237 157 112 77 155 239 219 80 67 58 229 293 329 207 50 102 132 182 93 164 157 37 244 119 109 25 48 89
53 175 114 112 61 203 84 158 173 73 197 186 218 220 309 193 55 207 51 77 100 145 136 129 137 63 70 52 267 122 98 208 201 118 209 183 138 38 57 97 206 89 155 70 246 288 253 20 141 115 93 216 204 296 233 209 165 257 283 269 268 76 148 96 181 238 178 68 276 86 232 251 159 354 275 186 72 110 95 172 270 38 62 87 242 177 219 30 129 54 0 212 39 118 125 192 150 111 79 82 204 145 133 228 110 150 182 213 89 246 243 247 97 100 291 133 167 66 209 215 232 134 56 112 284 269 312 219 104 72 62 112 111 153 146 50 223 108 98 80 36 78
204 65 113 287 257 82 266 240 52 224 26 288 206 285 119 121 146 195 220 252 99 92 67 68 219 156 124 208 73 110 113 196 23 83 188 99 86 196 183 272 13 133 56 228 234 394 240 225 158 201 203 93 192 102 217 319 152 169 343 196 229 135 102 276 274 225 37 165 82 168 219 239 116 341 80 299 252 120 152 105 375 177 265 267 112 102 135 181 147 233 211 0 202 80 305 54 69 291 254 117 216 288 127 41 172 232 84 26 264 359 121 124 103 280 363 80 347 196 278 28 225 314 238 292 371 82 117 207 280 151 183 97 327 131 142 253 32 152 165 260 238 184
75 102 54 165 114 141 114 149 111 95 134 239 208 176 250 183 16 198 82 107 67 85 126 120 128 53 31 83 204 113 89 198 192 108 199 173 77 49 53 150 143 50 146 100 236 341 243 53 115 98 123 154 195 233 223 262 155 247 336 259 259 66 139 149 234 228 168 42 213 77 222 242 71 344 212 239 124 100 103 116 323 69 93 140 180 167 210 20 103 107 39 203 0 109 178 182 140 164 132 49 194 198 107 219 89 141 96 203 142 299 182 185 88 153 344 123 220 96 262 165 222 187 86 165 337 259 249 210 157 32 23 79 142 79 121 80 160 82 72 133 66 108
127 78 130 210 193 106 193 163 75 147 99 211 137 190 215 112 108 127 160 186 67 48 38 12 142 62 141 161 169 42 20 127 69 20 128 102 103 119 145 195 108 151 36 179 165 298 172 131 176 218 202 118 123 198 152 223 84 176 275 188 188 41 67 199 197 157 45 71 178 91 151 171 134 273 177 222 175 44 75 122 280 147 171 190 144 96 139 87 164 156 117 80 108 0 228 111 52 214 177 85 123 211 145 96 190 155 102 81 187 282 145 149 58 203 295 16 270 175 201 82 151 237 165 215 303 136 214 138 203 125 89 80 220 148 160 159 125 170 183 183 145 187
109 284 211 125 96 312 105 171 282 129 305 126 273 160 401 278 195 263 132 117 239 254 244 238 172 202 210 133 352 208 206 264 293 227 360 275 267 127 159 110 315 182 247 150 301 228 308 105 221 195 173 324 260 381 288 149 200 341 223 324 324 215 240 70 121 293 270 208 361 142 287 307 240 257 359 126 73 185 151 253 210 143 97 51 350 272 311 169 209 70 125 304 178 227 0 284 259 52 92 221 323 119 213 320 190 155 262 305 60 186 352 356 237 44 231 225 107 146 150 307 287 75 136 12 224 361 397 275 82 172 202 287 78 234 227 106 312 188 179 54 118 158
184 127 176 267 236 145 267 219 115 204 89 268 160 265 129 71 182 150 234 259 116 109 84 75 199 135 186 235 102 90 93 175 39 110 114 21 149 176 218 252 67 196 51 252 192 373 191 205 221 263 275 156 178 145 143 298 132 95 323 122 155 115 81 255 254 177 54 145 111 148 164 172 179 321 109 279 231 100 132 167 355 221 245 247 141 52 57 161 209 212 191 54 181 111 285 0 101 271 234 158 142 268 190 37 235 212 147 55 244 339 181 173 120 259 343 60 327 248 258 57 151 294 239 272 351 52 146 169 259 198 163 129 307 194 205 233 61 215 228 239 218 247
159 25 78 242 224 53 225 195 23 179 46 243 169 222 163 144 111 158 185 217 43 41 15 63 174 93 89 173 117 73 52 159 73 32 160 134 51 151 148 227 55 98 74 193 197 330 204 163 123 166 168 65 155 145 184 255 116 208 307 220 219 73 99 230 229 189 55 103 126 123 183 202 81 305 124 254 206 75 107 69 312 142 203 222 91 128 170 119 112 187 149 69 139 52 260 101 0 246 209 60 155 243 92 93 137 187 49 78 219 314 93 96 52 234 327 84 302 161 233 78 183 269 197 247 335 134 161 170 234 116 121 27 252 96 107 191 72 117 130 214 176 149
96 271 197 76 82 299 101 136 268 115 292 91 260 125 387 264 181 249 118 103 225 240 231 224 137 188 196 119 338 194 193 250 280 213 346 261 253 113 145 79 301 168 234 136 288 193 294 91 207 181 159 311 246 367 275 114 186 327 188 311 310 201 227 56 86 279 256 194 347 128 273 293 226 222 346 91 60 171 137 239 175 129 83 37 337 258 298 156 196 57 112 291 164 213 52 270 245 0 78 208 309 84 200 307 177 120 249 291 46 151 338 342 223 40 196 211 72 132 115 293 273 39 122 39 189 347 383 261 47 158 188 273 74 220 213 93 298 175 165 41 104 144
58 233 164 34 49 261 118 140 231 78 254 93 222 129 350 227 148 211 85 111 193 203 193 187 142 155 163 86 301 157 155 212 242 176 309 224 220 76 112 19 264 135 196 104 250 186 257 58 174 149 127 273 209 330 237 116 149 289 177 273 273 169 189 63 90 242 219 161 310 91 236 256 193 215 308 97 39 134 100 206 168 96 76 23 299 221 260 123 163 24 79 253 132 176 92 233 208 78 0 175 272 67 167 269 144 124 216 254 14 157 301 304 190 67 189 174 74 100 119 256 236 101 90 79 182 310 346 224 27 125 155 236 114 187 180 60 260 142 132 47 71 112
104 55 39 207 157 114 157 167 84 123 107 282 185 195 224 160 45 175 124 150 17 35 48 97 146 30 21 126 178 90 66 175 106 65 176 150 63 81 82 193 116 79 123 143 213 303 220 96 144 127 135 126 172 206 200 228 132 224 258 236 236 43 115 191 276 205 88 14 187 95 199 219 73 321 185 282 167 77 80 92 285 95 135 183 152 144 187 51 132 150 82 116 49 86 221 159 60 207 174 0 171 241 91 133 118 159 82 117 184 342 154 157 35 195 343 100 263 139 206 139 199 230 129 208 299 173 222 187 200 62 26 33 185 77 150 123 133 111 101 175 109 117
221 242 295 263 273 270 341 167 240 241 226 230 51 173 155 11 256 25 308 334 232 212 202 196 236 210 247 310 184 147 167 65 206 185 28 120 268 213 293 289 236 290 76 327 82 282 82 283 340 383 350 282 68 170 33 207 129 51 231 34 58 190 59 292 216 67 98 219 248 185 54 80 299 229 189 239 268 167 166 287 264 295 300 284 277 30 85 235 329 249 265 217 256 185 322 141 217 308 271 233 0 230 310 176 354 209 266 194 281 312 310 309 222 296 251 86 243 323 198 194 41 285 313 309 260 160 283 59 296 273 237 245 344 313 324 284 200 335 347 277 293 335
125 267 231 33 116 295 168 72 265 63 289 26 186 61 357 246 215 211 152 177 259 237 227 221 73 222 230 153 335 191 189 171 277 210 272 258 287 143 179 48 298 202 231 170 209 118 220 125 241 215 193 307 177 372 201 48 183 253 109 237 236 235 223 123 22 205 253 228 344 120 199 219 260 147 343 29 105 168 134 273 100 163 143 103 333 266 288 190 229 91 145 287 198 210 118 267 242 83 67 241 235 0 233 303 210 56 283 288 80 90 335 339 257 106 121 208 32 166 51 290 199 74 156 106 114 362 380 187 67 192 222 270 141 254 247 126 295 209 199 107 138 178
179 87 52 200 149 107 138 283 77 198 105 274 262 308 221 236 93 251 92 124 135 134 108 156 262 186 97 80 176 166 145 252 151 125 299 227 53 168 55 185 114 43 167 100 290 376 296 147 30 73 75 121 248 204 277 297 208 280 371 313 312 166 192 184 269 281 147 129 184 211 275 295 26 397 183 274 160 168 200 39 358 77 128 175 147 221 263 155 19 142 133 127 108 145 213 191 92 199 167 115 248 233 0 152 44 275 49 137 177 334 149 153 144 188 379 177 255 68 298 137 275 222 110 201 372 193 220 263 192 75 111 119 165 20 15 115 131 24 37 168 99 56
220 89 138 303 273 107 291 256 77 240 51 304 194 317 119 162 171 183 245 277 115 109 83 84 235 172 149 233 63 126 129 209 30 99 148 115 111 212 208 288 61 158 72 253 226 425 225 241 183 226 228 118 212 92 177 350 168 128 375 155 189 151 118 292 290 210 53 181 72 184 197 205 141 373 71 315 268 136 168 130 407 202 281 283 102 118 139 197 172 249 227 41 218 96 321 37 94 307 270 133 176 305 152 0 197 248 109 18 280 456 142 134 119 296 395 96 363 221 294 18 184 330 263 309 403 42 108 203 296 176 199 122 343 156 167 269 25 177 190 276 254 209
156 132 97 177 126 152 115 260 121 175 150 251 307 285 266 281 74 296 69 101 180 179 153 201 239 126 93 57 220 211 190 297 195 170 344 272 98 144 37 162 159 66 211 77 335 353 341 124 37 31 52 166 293 249 322 274 253 325 348 357 357 139 237 160 246 326 192 110 229 188 320 340 71 382 228 251 136 213 197 84 334 58 104 152 192 265 308 131 26 119 110 172 89 190 190 235 137 176 144 118 293 210 44 197 0 252 93 182 154 311 194 197 189 164 356 221 232 45 274 181 320 199 86 177 348 238 265 308 169 56 92 164 142 65 58 92 176 29 17 145 76 33
106 212 192 89 158 240 227 13 209 67 233 56 120 41 291 181 183 190 194 219 201 182 172 165 17 131 174 195 279 135 134 106 221 154 207 203 237 97 221 104 242 244 175 212 143 149 155 167 283 257 235 252 112 308 135 74 127 187 104 171 170 145 168 160 42 140 197 146 288 64 134 154 268 127 287 66 153 112 78 256 131 205 185 140 278 199 239 121 272 134 149 232 141 154 155 211 186 120 123 159 170 56 276 248 253 0 236 232 150 126 279 283 192 143 153 152 69 208 52 234 134 111 199 142 145 288 324 121 117 199 164 214 177 282 289 169 239 251 241 144 180 220
209 44 52 249 198 64 187 244 33 228 62 323 219 271 178 193 85 208 141 173 92 91 65 113 223 143 63 129 132 123 102 209 107 82 256 184 19 200 104 234 71 76 123 149 246 380 253 196 79 122 124 78 205 161 234 305 165 236 356 269 269 123 149 233 318 238 104 89 141 172 232 252 38 354 140 323 209 125 156 26 362 126 177 225 104 177 220 168 68 192 183 84 96 102 262 147 49 249 216 82 205 282 49 109 93 236 0 93 226 383 106 109 101 237 376 133 304 117 282 93 232 272 159 250 384 149 177 220 241 93 84 76 214 52 63 165 88 73 86 217 148 105
205 73 122 288 257 91 275 240 61 225 35 289 212 286 94 180 155 201 229 261 100 93 68 69 220 156 133 217 48 111 114 196 15 84 166 100 95 197 192 273 45 142 57 237 244 394 243 226 167 210 212 102 192 76 195 319 153 146 344 173 207 136 102 276 275 228 38 166 57 169 215 223 125 342 55 300 252 121 153 113 376 186 264 268 87 103 157 182 156 233 212 26 202 80 306 55 78 292 255 118 193 289 136 19 181 233 93 0 265 360 127 119 103 280 364 81 348 205 279 4 202 315 246 293 372 59 92 220 280 160 153 106 328 140 151 252 6 161 174 260 236 193
68 243 174 47 59 271 85 166 241 88 265 121 233 155 360 237 158 222 95 121 203 213 203 197 152 166 173 96 311 167 165 223 252 186 319 234 230 86 122 32 274 145 207 114 260 223 267 68 185 159 137 283 219 340 248 144 159 300 218 283 283 179 199 42 116 252 229 171 320 101 246 266 203 252 319 121 36 144 110 216 205 107 86 9 309 231 270 133 173 33 89 263 142 186 60 243 218 46 14 185 282 80 177 279 154 150 226 264 0 181 311 315 200 35 226 184 102 110 145 266 246 69 100 48 219 320 356 234 39 136 165 246 83 197 190 70 271 152 142 26 81 122
231 338 332 124 217 366 237 143 336 153 359 90 268 140 439 329 316 294 253 238 328 308 298 292 143 324 332 255 406 262 260 254 347 280 355 329 388 249 280 138 368 303 301 272 291 32 303 226 343 317 295 378 260 454 283 103 253 335 94 319 318 337 294 192 92 288 323 329 415 190 282 302 362 122 413 60 195 239 204 374 65 265 219 172 404 348 370 291 331 192 247 358 300 281 187 338 312 152 157 343 317 90 335 374 312 126 384 359 182 0 405 409 318 175 73 279 78 268 141 361 282 143 258 175 66 445 450 269 149 294 324 341 210 355 349 228 365 310 300 176 239 280
252 88 136 335 296 34 285 288 71 272 98 336 262 315 173 237 169 251 239 271 136 135 108 156 267 187 147 227 128 166 145 252 141 125 289 227 109 244 203 320 107 157 167 247 290 423 297 256 177 220 222 27 248 156 277 348 209 270 400 297 312 166 192 323 322 282 148 196 72 216 276 296 136 398 135 347 299 168 200 124 405 200 275 315 43 221 280 212 166 290 242 121 180 145 353 181 93 339 302 154 248 336 147 142 191 280 103 127 312 407 0 43 145 327 420 177 395 215 326 122 276 362 257 340 428 183 98 263 327 174 168 120 312 150 161 263 124 172 184 308 246 203
256 91 140 339 300 67 289 291 74 275 102 340 266 319 165 240 173 255 243 275 139 138 112 160 270 190 151 231 120 170 149 256 133 129 281 231 113 248 206 324 111 160 171 251 294 427 300 260 181 224 226 31 252 148 281 352 213 261 403 288 316 170 196 327 326 286 151 199 64 220 279 299 139 402 127 350 303 172 204 127 409 204 278 319 35 225 272 216 170 293 246 124 184 149 356 173 96 343 305 157 308 340 150 134 195 284 107 119 316 410 43 0 148 331 423 181 398 219 330 114 279 366 260 344 432 174 57 267 331 178 171 124 316 154 165 266 125 175 188 311 250 207
152 78 131 234 172 106 173 187 76 171 99 236 162 215 215 136 71 151 140 165 20 29 38 56 166 42 53 141 170 66 45 152 92 25 152 127 104 97 108 220 108 105 99 158 190 323 196 111 176 218 182 118 148 198 177 248 108 200 299 213 212 24 92 223 222 181 74 34 179 115 175 195 134 297 177 246 199 68 100 122 305 127 151 215 144 120 163 67 164 166 97 103 88 45 252 136 52 239 201 35 148 236 145 119 190 179 102 104 211 306 146 149 0 227 319 77 294 155 226 131 175 262 145 240 327 160 214 163 227 87 52 39 200 149 160 139 125 170 183 207 124 166
84 259 185 100 70 287 76 159 257 104 280 115 248 148 376 253 169 237 106 88 214 229 219 213 167 177 185 108 327 183 181 238 268 201 335 250 241 102 133 85 289 156 222 125 276 216 283 79 196 170 148 299 234 355 263 137 174 315 211 299 298 190 215 29 109 268 244 182 336 117 262 282 215 246 334 115 48 160 125 227 198 118 56 25 325 247 286 144 184 45 100 279 153 202 43 259 233 40 66 196 297 107 188 295 165 143 237 280 35 175 327 330 211 0 220 200 95 121 138 282 262 63 111 31 212 336 371 249 71 147 177 262 49 208 202 81 286 163 153 29 92 133
276 352 405 157 262 380 281 141 350 187 373 117 202 113 373 263 361 228 298 283 342 322 312 305 164 278 356 299 410 257 277 188 351 294 289 333 378 244 325 172 382 348 305 316 225 42 237 271 387 362 340 392 194 389 217 76 238 269 34 253 253 299 298 237 111 222 328 328 419 210 216 236 406 26 408 105 240 259 225 396 21 309 264 217 418 282 304 336 376 237 292 362 345 294 232 342 326 197 191 342 252 124 380 395 357 152 376 363 226 73 419 423 332 220 0 283 122 313 114 365 216 188 303 219 8 379 454 203 194 338 347 355 254 400 393 273 369 355 345 221 284 325
125 109 161 207 177 137 207 160 106 144 130 209 126 205 175 75 122 115 174 200 98 78 69 29 139 76 113 176 127 30 33 116 68 51 82 50 134 116 159 192 92 156 22 193 154 314 160 146 207 249 216 149 112 155 141 239 73 124 263 151 176 56 27 196 194 146 44 85 136 88 139 159 165 262 134 219 172 40 73 153 296 161 185 188 165 56 86 101 195 153 132 79 122 16 225 59 83 212 174 99 86 209 176 95 221 152 133 80 184 279 176 180 89 200 283 0 267 189 199 82 139 235 179 213 292 135 171 127 200 139 104 111 248 179 191 173 86 201 214 180 159 201
151 326 252 66 137 354 157 85 324 96 347 40 198 74 369 259 236 224 174 158 281 296 286 280 85 244 252 175 394 250 248 184 335 269 285 317 308 169 201 54 356 224 289 192 222 119 233 147 263 237 215 366 190 385 213 55 242 265 114 249 249 257 282 112 35 218 312 249 403 132 212 232 282 149 401 17 115 227 193 294 101 185 139 92 392 278 300 211 251 112 167 346 220 269 107 326 301 72 73 263 248 33 255 362 232 69 304 347 102 78 394 397 279 95 123 267 0 188 64 349 212 63 178 95 115 375 438 200 69 214 244 329 130 276 269 148 353 230 220 96 159 200
112 156 105 133 82 176 71 216 145 131 174 207 275 241 290 250 85 265 25 57 147 203 177 187 195 120 104 13 244 180 156 266 219 175 266 241 122 100 47 118 183 77 213 33 303 309 310 80 76 50 28 190 262 273 290 230 202 314 304 326 326 133 206 117 202 295 216 126 253 144 289 309 95 338 252 207 92 167 153 108 291 25 61 108 216 234 277 87 64 75 66 196 96 176 146 249 161 132 100 129 262 166 68 221 45 208 117 205 110 267 218 221 155 121 312 190 188 0 230 205 289 155 43 133 305 261 289 277 125 67 103 188 98 89 82 48 200 43 34 101 32 13
150 256 236 84 180 284 199 38 254 111 277 51 152 27 323 212 227 177 216 201 246 226 216 210 61 176 218 217 324 180 178 137 265 198 238 247 282 142 243 99 286 266 219 235 175 110 186 189 305 280 258 296 143 338 167 35 171 219 97 202 202 190 212 155 37 171 241 190 333 108 165 185 324 120 331 61 158 157 122 300 92 227 182 135 322 232 253 166 294 155 210 276 186 199 150 256 230 115 118 204 201 51 298 292 275 50 280 277 145 141 323 327 236 138 114 197 64 231 0 279 165 106 221 137 106 328 368 153 112 257 208 259 172 318 311 191 283 273 263 139 202 243
207 73 121 289 259 91 274 242 61 226 35 291 211 288 91 179 154 200 229 261 121 120 69 70 221 158 132 217 45 112 116 198 17 111 165 102 95 199 192 275 44 142 59 237 243 396 242 228 167 209 211 102 194 74 194 321 155 145 345 172 206 138 104 278 277 227 39 167 54 170 214 222 125 344 52 301 254 122 155 113 378 186 264 270 84 105 156 183 155 235 214 28 165 82 307 57 78 294 256 139 192 291 136 18 181 234 93 4 266 361 124 116 130 282 365 83 349 204 281 0 201 317 246 295 374 58 90 219 282 160 153 105 330 140 151 252 16 161 174 262 236 193
185 207 259 227 238 235 305 132 204 205 228 194 15 138 164 53 221 16 273 298 196 177 167 160 200 174 211 274 193 111 132 30 215 149 79 129 232 177 257 253 237 254 160 291 46 246 46 247 305 347 314 247 32 179 8 171 93 60 195 43 61 154 153 257 180 31 182 183 257 149 18 45 263 194 198 203 233 132 130 251 228 260 264 248 286 73 94 199 293 214 230 226 220 149 286 150 181 272 235 197 42 194 274 185 319 174 231 203 245 277 274 278 187 261 215 138 207 287 162 203 0 249 277 274 224 169 292 23 261 237 202 209 309 277 289 248 209 299 312 241 257 299
119 294 220 67 105 322 124 127 292 138 315 83 283 116 410 287 204 272 141 126 249 264 254 247 128 211 219 142 362 218 216 227 303 236 369 285 276 137 168 70 324 191 257 159 264 184 317 114 230 204 183 334 269 390 298 105 209 350 179 334 333 224 250 80 77 303 279 217 370 151 296 316 249 214 369 82 83 194 160 262 166 152 106 60 360 282 321 179 219 80 135 314 188 236 75 293 268 40 101 231 332 75 223 330 200 111 272 314 69 143 361 365 246 63 188 234 63 156 106 316 296 0 146 62 180 370 406 284 39 181 211 296 97 243 236 116 321 198 188 64 127 167
102 197 115 123 72 217 29 206 187 121 215 197 265 231 331 240 95 255 16 22 147 193 183 177 185 110 118 29 286 170 146 255 249 165 256 230 163 90 89 108 224 86 203 46 293 299 300 70 117 91 70 232 252 314 280 220 192 304 294 316 316 123 196 47 192 285 225 116 295 134 279 299 136 328 293 197 82 157 143 149 280 47 24 98 258 224 267 77 106 65 56 238 86 166 136 239 197 122 89 129 251 156 110 262 87 198 159 247 100 257 259 263 145 110 302 180 178 43 220 247 279 145 0 123 294 303 330 267 115 77 110 159 56 130 123 38 241 85 75 91 22 54
97 272 198 112 83 300 92 159 270 116 293 114 261 147 388 266 182 250 119 104 227 242 232 226 159 189 197 120 340 196 194 251 281 214 347 263 254 115 146 98 302 169 235 138 289 215 296 92 208 183 161 312 247 368 276 136 187 328 211 312 311 203 228 58 108 281 257 195 349 129 275 294 227 245 347 114 61 173 138 240 197 130 85 38 338 260 299 157 197 58 113 292 166 215 12 272 246 39 79 209 310 106 201 308 178 142 250 293 47 174 339 343 224 31 219 213 94 134 137 295 275 62 124 0 211 348 384 262 70 159 189 275 65 221 214 94 299 176 166 42 105 146
268 360 370 150 255 388 274 133 358 180 381 109 211 106 381 271 354 236 291 275 350 330 320 314 156 270 313 292 418 265 273 196 360 302 297 341 386 237 318 165 390 341 314 309 234 35 245 264 380 354 332 400 202 397 226 69 246 278 42 261 261 284 306 229 103 230 336 285 427 203 224 244 399 34 416 97 232 251 217 411 14 302 256 209 426 291 312 328 368 229 284 370 337 303 224 350 334 189 184 298 260 116 372 403 349 145 384 371 219 65 428 431 340 212 8 291 115 305 106 373 224 180 295 212 0 387 463 212 186 331 303 363 247 393 386 265 378 347 337 213 276 317
261 130 178 344 313 147 331 295 117 280 92 357 178 301 45 146 211 167 286 317 156 149 124 125 275 212 189 273 32 166 170 193 71 140 131 75 151 253 249 329 101 199 113 294 209 409 209 282 224 266 268 159 195 63 161 334 209 112 358 139 173 192 158 332 343 194 94 221 113 225 181 189 182 357 44 366 308 176 209 170 391 242 322 324 143 151 123 238 212 289 268 82 258 136 362 63 135 348 310 173 159 357 193 42 238 289 150 59 321 440 183 175 159 336 379 137 370 261 325 59 168 371 303 349 387 0 148 186 336 216 240 162 384 197 208 309 65 218 231 316 295 250
297 157 205 379 369 116 358 332 124 316 118 381 301 377 139 269 238 290 313 344 205 204 178 160 311 256 216 300 93 202 214 288 106 195 254 191 178 288 276 364 128 226 149 320 333 486 332 325 228 293 295 80 284 122 284 411 244 235 435 262 296 235 194 368 366 317 129 265 38 260 304 312 209 433 101 391 344 212 244 197 468 269 348 359 57 194 246 281 239 325 311 117 249 214 397 146 162 383 346 223 282 381 220 108 265 324 177 93 356 451 98 89 214 372 455 172 439 288 370 88 291 407 330 385 464 148 0 309 372 243 236 189 386 223 215 336 99 245 258 352 320 276
174 195 248 216 226 223 294 120 193 194 216 183 13 126 182 71 209 21 261 286 185 165 155 149 188 163 200 262 212 100 120 25 195 138 97 147 221 166 246 242 225 243 149 279 45 234 45 235 293 336 303 235 11 197 26 159 81 78 184 62 60 142 141 245 168 30 171 172 275 138 9 43 251 182 217 192 221 120 118 240 216 248 253 237 305 91 113 188 282 202 218 206 209 138 275 169 170 261 223 185 60 183 262 203 307 162 219 221 234 265 263 266 175 249 204 126 195 276 150 221 24 238 266 262 212 187 310 0 249 226 190 198 297 266 277 237 227 287 300 229 245 287
84 259 190 33 75 287 144 133 257 47 280 89 248 122 376 253 174 237 111 136 218 229 219 213 89 181 189 112 327 183 181 238 268 201 334 250 246 102 138 18 289 161 222 129 276 190 283 84 200 174 152 299 234 355 263 111 174 315 185 299 298 194 215 88 83 268 244 187 336 117 262 282 219 220 334 88 64 160 125 232 172 122 102 48 325 247 286 149 189 50 105 279 157 202 82 259 233 47 26 201 297 67 193 295 170 117 242 280 39 148 327 330 216 71 194 200 69 125 112 282 262 38 115 70 186 336 371 249 0 151 181 262 105 213 206 85 286 168 158 72 97 137
138 96 46 158 108 135 104 207 105 157 128 233 225 267 244 200 18 215 58 97 79 97 143 137 186 70 37 78 199 130 106 215 174 125 216 190 72 82 20 144 137 17 163 99 253 334 260 86 82 65 73 149 212 227 240 256 172 264 330 276 276 83 156 142 227 245 185 54 208 135 239 259 57 361 206 233 118 117 120 83 316 33 86 134 175 184 227 53 70 101 72 151 32 126 172 199 116 158 125 62 211 192 74 175 56 200 93 160 135 293 176 180 87 146 338 140 214 66 256 160 239 181 76 159 330 216 243 227 151 0 35 91 132 46 88 74 154 49 39 126 54 55
73 89 41 177 126 128 127 172 98 93 121 251 190 199 238 165 19 179 94 119 44 61 108 101 151 35 20 114 192 94 70 180 173 90 181 155 65 50 55 162 130 53 127 134 218 308 225 65 118 101 109 142 176 220 205 233 137 229 262 241 240 48 120 161 246 210 150 18 201 100 204 223 74 326 199 251 137 82 84 94 289 69 105 152 168 149 191 21 106 119 51 184 23 90 190 164 122 176 144 26 176 210 110 168 92 164 84 153 154 311 169 173 52 165 348 105 232 102 210 153 204 199 98 178 303 209 236 191 169 35 0 56 154 82 124 92 147 85 75 145 78 90
186 24 41 269 186 80 187 222 50 206 74 270 196 249 190 171 75 186 154 180 19 69 43 90 201 60 52 200 144 101 79 186 100 60 187 161 27 111 92 254 83 62 101 220 224 357 231 125 150 193 195 92 182 173 211 282 143 235 334 247 247 100 126 258 256 216 82 43 153 150 210 230 109 332 152 281 234 103 134 97 339 105 165 249 118 155 198 81 139 215 111 96 79 79 287 128 27 273 236 33 182 270 120 121 164 214 76 105 246 341 120 124 79 262 354 111 329 188 260 105 210 296 159 274 362 161 189 197 262 79 56 0 214 123 134 153 99 144 157 242 138 176
132 257 175 148 62 277 32 194 247 152 275 149 296 183 424 301 155 285 76 44 207 253 243 237 194 170 178 89 346 231 206 286 316 225 383 298 223 150 149 133 284 146 270 69 324 251 331 128 177 151 130 292 282 374 311 172 223 363 246 347 347 183 263 34 144 316 293 176 355 165 310 330 196 280 353 149 96 208 174 209 233 107 49 73 318 295 334 137 166 93 116 327 146 225 78 307 257 74 115 189 346 142 170 343 147 178 219 328 83 209 319 323 205 49 254 248 130 102 172 307 310 97 61 65 247 384 390 297 105 136 170 219 0 190 183 98 301 145 135 77 82 114
199 91 38 220 170 110 158 291 80 219 109 295 265 328 225 240 65 255 113 144 139 138 112 159 270 117 59 100 179 170 148 255 154 129 303 230 56 129 39 205 118 29 170 121 293 396 300 167 51 93 95 125 252 208 280 317 212 283 391 316 316 169 195 204 289 285 151 101 188 219 279 299 30 401 187 295 180 172 203 42 378 57 148 196 151 224 267 100 39 163 154 131 79 148 233 194 96 220 187 77 251 254 20 156 65 283 52 140 197 355 153 156 148 208 400 180 275 88 318 140 279 243 130 221 392 196 224 267 213 46 82 123 186 0 35 136 135 45 58 188 120 77
192 102 67 213 163 121 151 297 91 212 120 288 276 321 236 251 107 266 106 137 150 149 123 170 276 159 111 93 190 181 159 266 165 140 314 241 67 181 69 198 129 58 181 114 304 389 311 160 44 86 88 136 263 219 291 310 223 294 384 327 327 180 206 197 282 296 162 142 199 225 290 310 41 412 198 288 173 183 214 53 371 90 141 189 162 235 278 168 32 156 147 142 121 159 226 205 107 213 180 150 262 247 14 167 58 289 63 151 190 348 164 167 159 201 393 191 268 81 311 151 290 236 123 214 385 207 219 278 206 88 124 134 179 35 0 129 146 38 51 181 113 70
72 203 113 93 42 223 67 176 193 91 221 167 236 201 337 234 97 225 34 59 141 187 177 171 155 104 112 35 292 164 140 226 243 159 250 225 169 90 61 78 230 84 197 52 264 269 270 40 123 97 75 237 222 320 251 190 162 303 264 287 286 117 190 77 162 256 219 110 300 104 249 269 142 298 299 167 53 147 113 155 251 45 25 68 263 218 261 72 111 35 50 254 80 160 106 233 191 92 60 123 285 126 115 268 92 168 164 253 70 227 265 268 139 81 272 174 148 48 191 252 249 115 38 94 265 309 336 237 85 74 104 153 129 136 129 0 247 91 81 61 20 60
212 68 116 294 280 85 269 247 55 231 29 296 218 292 100 186 149 208 224 255 116 115 89 75 226 167 127 211 55 117 125 203 21 106 172 106 89 203 187 279 39 137 63 231 250 401 249 236 162 204 206 96 199 83 201 326 159 153 350 180 213 146 109 283 281 235 44 176 64 175 222 230 120 348 62 306 259 127 159 108 383 180 259 274 93 109 163 192 150 240 222 32 160 125 312 61 73 298 261 134 200 296 131 25 176 239 87 6 271 366 124 126 125 287 370 87 354 199 285 16 209 321 241 300 379 66 99 227 287 154 147 100 296 134 145 247 0 156 169 267 231 187
154 112 77 175 124 132 113 258 101 173 130 249 287 283 246 261 68 276 67 99 160 159 133 181 237 120 87 55 200 191 170 277 175 150 324 252 78 143 30 160 139 60 191 75 315 351 321 122 32 37 50 146 273 229 302 272 233 305 346 337 337 133 217 159 244 306 172 104 209 186 300 320 51 422 208 249 135 193 195 64 333 52 103 151 172 245 288 130 20 118 109 152 83 170 188 215 117 175 142 112 273 208 24 177 29 251 73 161 152 309 174 177 169 163 354 201 230 43 273 161 300 198 85 176 347 218 245 288 167 50 86 144 140 45 38 91 156 0 12 143 74 31
144 125 78 165 114 144 103 248 114 163 142 239 299 273 259 274 58 288 57 89 120 171 145 193 227 110 77 45 213 203 146 289 188 162 336 264 90 133 20 150 151 50 204 65 327 341 334 112 44 25 40 159 285 241 314 262 234 317 336 350 349 123 229 149 234 319 185 94 222 176 313 332 63 370 220 239 125 157 185 76 323 42 93 140 185 258 300 120 33 107 98 165 73 182 178 228 129 164 132 102 285 198 37 189 17 241 86 174 142 299 186 190 182 153 344 214 220 33 263 174 313 187 75 166 337 230 257 300 157 40 76 157 130 57 50 80 168 12 0 133 64 21
64 239 165 80 50 267 59 160 237 84 260 116 228 149 356 233 149 217 86 63 194 209 199 193 148 157 165 88 307 163 161 218 248 182 315 230 221 82 114 65 269 137 202 105 256 217 263 60 176 150 128 279 214 335 243 138 155 295 212 279 279 170 195 17 110 248 225 162 316 97 242 262 195 247 314 115 28 140 106 207 199 98 44 17 305 227 266 124 164 25 80 259 133 182 54 239 214 41 47 176 278 108 168 275 145 144 217 260 26 176 307 310 192 29 221 180 96 101 139 262 242 64 91 42 213 316 351 229 72 127 157 242 77 189 182 61 266 143 133 0 72 113
83 187 93 104 54 206 50 188 176 103 205 179 244 212 321 219 72 233 18 43 126 172 162 155 167 89 91 19 275 148 124 234 227 144 235 209 152 69 41 90 214 64 181 36 272 280 279 51 107 81 59 221 230 304 259 201 174 283 276 295 294 102 174 88 173 264 204 94 284 116 258 278 126 310 283 179 64 136 125 138 262 25 32 80 247 203 245 56 95 47 35 238 65 144 118 218 176 104 71 108 230 138 99 254 76 180 148 236 81 239 249 252 124 92 284 159 159 32 202 236 258 127 22 105 276 295 320 245 97 54 89 138 78 120 113 20 231 74 64 72 0 44
124 144 93 144 94 163 82 228 133 143 162 219 287 253 278 262 73 277 37 69 135 191 165 198 207 132 92 25 232 192 167 277 207 182 278 252 109 112 35 130 171 64 225 45 315 320 322 91 64 38 19 178 273 261 302 242 214 336 316 338 338 145 217 128 213 307 204 109 241 156 301 321 83 350 240 219 104 179 165 95 302 55 72 120 204 246 288 99 52 87 78 184 108 187 158 261 149 144 111 117 273 178 56 209 33 220 105 193 121 279 206 209 167 132 324 202 200 12 242 193 301 167 54 145 316 249 277 288 137 55 90 176 110 77 70 60 187 31 21 112 44 0