662.189 1117830
674.034 1159285
896.07 1088699
659.351 1114806
777.386 1133644
820.159 1107089
688.417 1130541
689.806 1109366
1046.28 1108859
733.867 1107907
783.786 1102331
823.626 1138251
893.302 1133242
885.312 1121025
809.974 1095045
920.807 1083254
1023.59 1097902
958.426 1088054
706.183 1109148
590.576 1117362
777.928 1155844
673.099 1077216
816.014 1105277
884.415 1111668
999.107 1113118
931.341 1098754
902.455 1104739
775.949 1116157
885.544 1124212
888.716 1112658