513.035 1038416
577.473 1038650
653.387 1043253
504.229 1057081
498.049 1043620
598.035 1033579
502.543 1022398
556.302 1019450
645.804 1045199
637.556 1025767
718.005 1053127
699.597 1049734
709.214 1038509
715.439 1026430
582.459 1051978
545.91 1031671
529.954 1045496
557.902 1048436
656.997 1034005
548.484 1048494
643.189 1028761
637.739 1041407
679.567 1023899
617.122 1039453
664.44 1057411
624.573 1034017
608.059 1034042
662.357 1094104
661.795 1056696
752.104 1048661